.100
.008
.006
.002
.004
.008
.006
.006
.010
.010
.006
.006
.006
.006
.004
.006
.004
.002
.026
.002
.002
.018
.030
.036
.034
.012
.044
.028
.030
.010
.026
.016
.028
.002
.012
.002
.002
.010
.002
.008
.004
.368
.478
.460
.452
.450
.570
.510
.544
.548
.580
.472
.594
.506
.100
.008
.006
.002
.004
.008
.006
.006
.010
.010
.006
.006
.006
.006
.004
.006
.004
.002
.026
.002
.002
.018
.030
.036
.034
.012
.044
.028
.030
.010
.026
.016
.028
.002
.012
.002
.002
.010
.002
.008
.004
.368
.478
.460
.452
.450
.570
.510
.544
.548
.580
.472
.594
.506
.100
.008
.006
.002
.004
.008
.006
.006
.010
.010
.006
.006
.006
.006
.004
.006
.004
.002
.026
.002
.002
.018
.030
.036
.034
.012
.044
.028
.030
.010
.026
.016
.028
.002
.012
.002
.002
.010
.002
.008
.004
.368
.478
.460
.452
.450
.570
.510
.544
.548
.580
.472
.594
.506
.100
